      0/99     1.16G   0.07478   0.08813   0.02434    0.1873       788       448 0.0006729 0.0008093 5.064e-06 1.115e-06   0.06361   0.06438   0.02205
      1/99     1.68G   0.06886    0.0947   0.02039     0.184       482       448   0.01367   0.02114  0.001152 0.0001962   0.06125   0.06591    0.0178
      2/99     1.68G   0.06788   0.08917   0.01744    0.1745       697       448   0.01748   0.03217  0.002674 0.0004098   0.06043   0.06605   0.01156
      3/99     1.68G   0.06185   0.09551   0.01192    0.1693       615       448   0.04002   0.08083   0.01554  0.002569   0.05458    0.0725  0.008701
      4/99     1.68G   0.05821    0.1017  0.009179    0.1691       673       448    0.3937     0.127   0.03676   0.00682    0.0485   0.08064  0.005472
      5/99     1.68G   0.05316    0.1068  0.007172    0.1672       566       448    0.7727    0.1591   0.08302   0.01744   0.04173   0.08729  0.003875
      6/99     1.68G   0.04298    0.1141   0.00492     0.162       441       448    0.7987    0.1902    0.1233   0.02836   0.03643   0.07979  0.003525
      7/99     1.68G   0.04069    0.1129  0.004399     0.158       647       448    0.8201    0.2314    0.1631   0.04531   0.03428    0.0804  0.003197
      8/99     1.68G   0.04349    0.1078  0.003449    0.1548       635       448    0.8491    0.2462    0.1998    0.0609    0.0355   0.07773  0.003052
      9/99     1.68G   0.04409    0.1108  0.003811    0.1587       677       448    0.8979    0.2472     0.237   0.07717   0.03148   0.07647  0.003121
     10/99     1.68G   0.04364    0.1075  0.003038    0.1541       578       448    0.8966    0.2701    0.2413   0.09686   0.03213   0.07746  0.003002
     11/99     1.68G    0.0474    0.1081  0.004253    0.1598       405       448    0.7979    0.2423    0.1472   0.03922   0.04312   0.07023  0.002841
     12/99     1.68G   0.04003    0.1053  0.003056    0.1484       521       448    0.8495    0.2574    0.2106   0.09379   0.03175   0.07508  0.002865
     13/99     1.68G   0.04093    0.1081  0.003642    0.1527       759       448     0.817    0.2732    0.1732   0.05414   0.02904   0.07227  0.002729
     14/99     1.68G    0.0364    0.1071  0.002398    0.1459       604       448    0.8867     0.298    0.2615    0.0838   0.03109   0.07935  0.002718
     15/99     1.68G   0.04093    0.1108  0.003999    0.1557       567       448     0.805    0.2529    0.1787   0.03575   0.03294   0.07287  0.002743
     16/99     1.68G   0.04357    0.1064  0.003825    0.1538       623       448    0.8933    0.2941    0.2454    0.0916   0.02991   0.07187  0.002704
     17/99     1.68G   0.04008   0.09839  0.002896    0.1414       564       448    0.9053    0.2492    0.2592   0.08366   0.03545   0.07065  0.002726
     18/99     1.68G   0.03839     0.102   0.00327    0.1437       943       448    0.9242    0.3025    0.3057    0.1477   0.02148   0.07078  0.002742
     19/99     1.68G   0.03951    0.1034  0.003247    0.1461       648       448    0.9477    0.2616    0.2948     0.127    0.0276    0.0688  0.002635
     20/99     1.68G   0.03763    0.1004  0.003371    0.1414       561       448    0.9574    0.3088    0.3585    0.1806   0.02126   0.06891  0.002708
     21/99     1.68G   0.03723     0.103  0.003318    0.1435       489       448    0.9697    0.2978    0.3014    0.1058    0.0279   0.07249  0.002769
     22/99     1.68G   0.03122    0.1037   0.00229    0.1373       664       448    0.9367    0.3045    0.3482    0.1684   0.01929   0.06736  0.002652
     23/99     1.68G   0.03307     0.105  0.002743    0.1408       831       448    0.2517    0.3901    0.2944     0.109    0.0234   0.06948  0.002685
     24/99     1.68G   0.03891    0.1254  0.003935    0.1683       677       448      0.59    0.2556   0.06918   0.01391   0.03487   0.07818  0.002697
     25/99     1.68G   0.03951     0.113   0.00389    0.1564       612       448    0.8296    0.2527    0.1999   0.05744   0.02927   0.07508  0.002699
     26/99     1.68G   0.03571     0.107  0.002988    0.1457       708       448     0.822    0.3081    0.1968   0.05249   0.02614   0.07748  0.002712
     27/99     1.68G   0.03336    0.1046  0.003417    0.1413       523       448    0.9551    0.2845     0.327    0.0853   0.02578   0.07255  0.002709
     28/99     1.68G   0.03123    0.1014  0.002553    0.1351       691       448    0.9663    0.2852    0.3663    0.1149   0.02494   0.06942  0.002682
     29/99     1.68G   0.03683    0.1038  0.004533    0.1452       633       448    0.6678    0.4448    0.3887    0.1651   0.02074   0.06786  0.002747
     30/99     1.68G    0.0288   0.09765  0.002554     0.129      1144       448    0.5946    0.4385    0.4038    0.2331   0.01933   0.06548  0.002672
     31/99     1.68G   0.03081   0.09866  0.002827    0.1323       558       448    0.6118    0.4037    0.2873    0.1066   0.02458   0.06658  0.002644
     32/99     1.68G   0.03184    0.1006  0.003235    0.1357       877       448    0.6019    0.4563     0.344    0.1639   0.02492    0.0679  0.002551
     33/99     1.68G   0.02922   0.09435  0.002564    0.1261       528       448    0.6686    0.4375    0.4084    0.2205   0.02396   0.06648  0.002649
     34/99     1.68G    0.0277   0.09944  0.002724    0.1299       547       448    0.6562    0.4371    0.4147    0.2283   0.02013   0.06931   0.00261
     35/99     1.68G   0.02901   0.09829  0.002646    0.1299       768       448    0.2728    0.4482    0.4026    0.2193   0.01987   0.06399  0.002578
     36/99     1.68G   0.02752   0.09394  0.002748    0.1242       676       448    0.6413    0.4483    0.4198    0.2409   0.02193   0.06538  0.002529
     37/99     1.68G   0.03249   0.09802   0.00391    0.1344       466       448    0.7053    0.4484    0.4286    0.2403   0.02315   0.06503  0.002594
     38/99     1.68G   0.02772   0.09723  0.002999    0.1279       536       448    0.8847    0.4059    0.4215    0.2374   0.01872   0.06521  0.002584
     39/99     1.68G    0.0326       0.1  0.003956    0.1366       878       448    0.7842    0.3884    0.2879   0.06395   0.03074   0.08156  0.002487
     40/99     1.68G   0.03413    0.1013  0.003017    0.1384       698       448     0.664    0.4653    0.4353    0.2324   0.02116   0.06393   0.00253
     41/99     1.68G   0.02914   0.09865  0.003117    0.1309       734       448     0.616    0.4542      0.39    0.2285   0.02114   0.06817  0.002496
     42/99     1.68G   0.02568   0.09251  0.002369    0.1206       622       448    0.6857    0.4543    0.4084    0.2179   0.02007   0.06908  0.002501
     43/99     1.68G   0.02565   0.09915  0.002699    0.1275       660       448    0.6271    0.4573    0.3962    0.2107   0.01941   0.06678  0.002516
     44/99     1.68G   0.02838   0.09591  0.003661    0.1279       569       448    0.7371    0.4652    0.4285    0.2692   0.01681   0.06154  0.002462
     45/99     1.68G    0.0283   0.09564  0.003462    0.1274       807       448    0.7083    0.4441    0.4136    0.1944   0.02424   0.06771  0.002377
     46/99     1.68G   0.02942   0.08705  0.003596    0.1201       328       448    0.8065    0.4635    0.4411    0.2331   0.01866   0.06243  0.002478
     47/99     1.68G   0.03074    0.0945  0.003891    0.1291       543       448    0.8052     0.453    0.4271     0.228   0.01918   0.06171  0.002463
     48/99     1.68G   0.02794   0.09337  0.002576    0.1239       425       448    0.7933    0.4656    0.4543    0.2801   0.01674   0.06183  0.002528
     49/99     1.68G   0.02747   0.09105  0.003723    0.1222       472       448    0.7842    0.4826    0.4662    0.2606    0.0172   0.06007   0.00247
     50/99     1.68G   0.02491   0.08872  0.002823    0.1165       623       448     0.796    0.4828    0.4648    0.3123   0.01534   0.05864  0.002423
     51/99     1.68G   0.02821   0.08563  0.003515    0.1174       999       448     0.958    0.4391    0.4702     0.284   0.01819   0.06207  0.002359
     52/99     1.68G   0.02404   0.08753  0.002361    0.1139       485       448    0.9565    0.4569    0.4752    0.3168   0.01509   0.05755  0.002388
     53/99     1.68G   0.02611   0.08924  0.003814    0.1192       680       448    0.8214    0.4813    0.4778    0.3104    0.0168   0.06045  0.002405
     54/99     1.68G   0.01819    0.0868   0.00196     0.107       575       448    0.9552    0.4565    0.4777    0.3415   0.01504   0.05692  0.002333
     55/99     1.68G   0.02159   0.08238  0.002344    0.1063       536       448    0.9533    0.4572     0.486    0.3424   0.01523   0.05869  0.002344
     56/99     1.68G   0.02291   0.08421  0.003089    0.1102       736       448    0.9173    0.4913    0.4998    0.3255   0.01473   0.05648  0.002317
     57/99     1.68G   0.02035   0.08363  0.001951    0.1059       756       448    0.9123    0.4829    0.4982    0.3401   0.01451   0.05647  0.002263
     58/99     1.68G   0.02515   0.08153  0.003589    0.1103       481       448     0.947    0.4823    0.4967    0.3539   0.01374   0.05579  0.002246
     59/99     1.68G   0.02022   0.08186  0.002267    0.1043       644       448    0.8991    0.4824    0.5014    0.3349   0.01504   0.05639   0.00223
     60/99     1.68G   0.02082    0.0816  0.003039    0.1055       800       448    0.8546    0.4997    0.4986    0.3219   0.01499   0.05589  0.002208
     61/99     1.68G   0.02101   0.08365  0.002652    0.1073       808       448    0.9099    0.4914    0.5023    0.3588   0.01409   0.05587  0.002209
     62/99     1.68G   0.01912    0.0827  0.003775    0.1056       590       448     0.972    0.4652    0.5122    0.3555   0.01444    0.0574  0.002193
     63/99     1.68G   0.01866   0.08133  0.001742    0.1017       671       448    0.9001    0.4821    0.5167    0.3653    0.0138   0.05512  0.002083
     64/99     1.68G   0.02134   0.08449  0.002713    0.1085       340       448    0.9038    0.4994    0.5207    0.3736   0.01305   0.05348  0.002112
     65/99     1.68G   0.02118   0.07761  0.002744    0.1015      1010       448     0.892    0.4998     0.533    0.3382   0.01427   0.05442  0.002088
     66/99     1.68G   0.01939   0.07973  0.002277    0.1014       435       448    0.9127    0.4911    0.5524    0.3981    0.0127   0.05282   0.00209
     67/99     1.68G   0.01845   0.07891  0.002404   0.09977       796       448    0.9305    0.4995    0.5616    0.4121   0.01341   0.05358  0.002049
     68/99     1.68G   0.01989   0.07863  0.002188    0.1007       300       448    0.9037    0.5254     0.576    0.4155    0.0131   0.05337  0.002099
     69/99     1.68G   0.01737    0.0795  0.001563   0.09843       877       448    0.9067    0.5254    0.5842    0.4316   0.01267   0.05332  0.002107
     70/99     1.68G   0.01822   0.07881  0.001733   0.09876       709       448    0.8835    0.5854    0.6033    0.4427   0.01295   0.05315  0.002031
     71/99     1.68G   0.02011   0.07805  0.002885     0.101       699       448    0.9045    0.5853    0.6141    0.4575   0.01306    0.0528  0.001955
     72/99     1.68G   0.02082   0.07708  0.002499    0.1004       794       448    0.8962    0.6195    0.6238    0.4193   0.01306     0.053   0.00196
     73/99     1.68G   0.01772   0.07569  0.001823   0.09523       726       448    0.9291    0.6275     0.633     0.475   0.01267   0.05136  0.001913
     74/99     1.68G   0.01846   0.07576  0.001887   0.09611       811       448    0.9527    0.6104     0.634     0.483   0.01272    0.0519  0.001872
     75/99     1.68G   0.01666   0.07193  0.002608    0.0912       558       448    0.9553    0.6187    0.6385    0.4681   0.01239   0.05079  0.001834
     76/99     1.68G   0.01702   0.07588  0.001613   0.09452       761       448    0.9575    0.6182    0.6363    0.4657   0.01294   0.05187  0.001859
     77/99     1.68G   0.01874   0.07609  0.001987   0.09682       459       448    0.9297    0.6278     0.635    0.4802   0.01222   0.05113  0.001859
     78/99     1.68G   0.01976   0.07472  0.001791   0.09627       666       448    0.9108    0.6451    0.6376    0.4765   0.01279   0.05153  0.001842
     79/99     1.68G   0.01663   0.07447  0.002059   0.09316       772       448    0.9296    0.6281     0.642    0.4973   0.01212     0.051  0.001821
     80/99     1.68G   0.01648   0.07615  0.001717   0.09435       631       448     0.927    0.6452    0.6428     0.489   0.01212   0.05125  0.001782
     81/99     1.68G   0.01791    0.0718   0.00233   0.09204       761       448    0.9312    0.6441    0.6376     0.464   0.01323   0.05259  0.001841
     82/99     1.68G   0.01988   0.06918  0.002918   0.09198       528       448    0.9524    0.6435    0.6399    0.4807   0.01215   0.05162  0.001898
     83/99     1.68G   0.01542   0.07173  0.001951   0.08911       545       448    0.9236    0.6439    0.6358    0.4767   0.01207     0.051  0.001858
     84/99     1.68G   0.01836    0.0719  0.002654   0.09291       514       448    0.9077    0.6531    0.6295    0.4784   0.01207   0.05146   0.00179
     85/99     1.68G   0.01738   0.07462   0.00195   0.09396       576       448    0.9478    0.6356     0.639    0.4799   0.01292   0.05212  0.001769
     86/99     1.68G    0.0172   0.07164  0.002778   0.09162       738       448    0.9354    0.6525    0.6436    0.4976   0.01209   0.05105  0.001735
     87/99     1.68G   0.01542   0.07396  0.001488   0.09087       509       448    0.9269    0.6531    0.6419    0.4957   0.01188   0.05027    0.0017
     88/99     1.68G   0.01755   0.07282  0.001571   0.09195       614       448    0.9459    0.6443    0.6434    0.4929   0.01195   0.05011  0.001662
     89/99     1.68G   0.01532   0.07294  0.002164   0.09042       785       448     0.949    0.6523    0.6448    0.4792   0.01217   0.05039  0.001643
     90/99     1.68G   0.01586   0.06783  0.001704   0.08539       609       448    0.9505    0.6519    0.6474    0.4888   0.01197   0.05046   0.00163
     91/99     1.68G   0.01473   0.07288  0.002683    0.0903       514       448    0.9531    0.6522    0.6486    0.5058   0.01187   0.05031  0.001632
     92/99     1.68G   0.01587   0.07218  0.001864   0.08992       606       448     0.949    0.6523    0.6482    0.4893   0.01185   0.04983   0.00163
     93/99     1.68G   0.01392   0.07156  0.001177   0.08666       702       448    0.9586    0.6347    0.6476    0.5012   0.01193   0.05002  0.001617
     94/99     1.68G   0.01498   0.07353  0.001688    0.0902       717       448    0.9597    0.6349    0.6478    0.5082   0.01209   0.05032  0.001615
     95/99     1.68G   0.01655   0.07219  0.002817   0.09155       642       448    0.9483     0.644    0.6466    0.5131   0.01171   0.04983  0.001648
     96/99     1.68G   0.01618    0.0736  0.002148   0.09192       505       448    0.9578    0.6353    0.6468    0.4873   0.01193   0.04991  0.001661
     97/99     1.68G   0.01612   0.07066  0.001764   0.08855       601       448      0.96    0.6339    0.6474    0.5124   0.01164   0.04938  0.001649
     98/99     1.68G   0.01641    0.0733  0.001553   0.09127       841       448    0.9544    0.6424    0.6494    0.5069   0.01195   0.04963  0.001622
     99/99     1.68G   0.01605   0.07159  0.001981   0.08963       643       448     0.962    0.6316    0.6512    0.4923   0.01167   0.04928  0.001593
