      0/99     2.83G   0.09408    0.1477   0.03079    0.2725       789       640  0.005349  0.007132 0.0001637 5.158e-05   0.08242    0.1247   0.02801
      1/99     2.98G   0.08943    0.1491   0.02562    0.2642       483       640   0.02416   0.04016  0.003985 0.0006879   0.08007    0.1204   0.02292
      2/99     2.98G   0.08484    0.1436   0.01909    0.2475       698       640   0.03036    0.1152   0.01067  0.001723   0.07283    0.1268   0.01548
      3/99     2.98G   0.07309    0.1562   0.01203    0.2413       616       640    0.7498    0.1403    0.0612    0.0116   0.06247    0.1406   0.01115
      4/99     2.98G   0.06312    0.1643  0.009034    0.2364       672       640    0.7974    0.1922    0.1382   0.03169   0.05563     0.133   0.00883
      5/99     2.98G   0.05508    0.1636   0.00603    0.2247       568       640    0.8421    0.2219    0.1843   0.05116    0.0479    0.1232  0.007834
      6/99     2.98G   0.04985    0.1684  0.004869    0.2231       442       640    0.8436    0.2619     0.197   0.06216   0.04192    0.1185  0.007964
      7/99     2.98G   0.04738    0.1624  0.004232     0.214       648       640     0.864    0.2706    0.2349   0.09209   0.04186    0.1149  0.007402
      8/99     2.98G   0.05697    0.1575  0.004132    0.2186       633       640    0.8817    0.2427    0.2534     0.128   0.04325    0.1138  0.007239
      9/99     2.98G   0.05394    0.1634  0.004336    0.2217       682       640    0.8635    0.2891    0.2098   0.06883   0.04808    0.1154  0.007233
     10/99     2.98G   0.05189    0.1583  0.004425    0.2146       578       640      0.84    0.2839    0.2207    0.1202   0.04506    0.1188  0.007103
     11/99     2.98G   0.05128    0.1616  0.004037    0.2169       405       640    0.8587    0.2347    0.2394   0.08235    0.0462    0.1129  0.006996
     12/99     2.98G   0.05088    0.1529  0.004207     0.208       525       640     0.969    0.2952    0.3162    0.1649   0.03969    0.1147  0.007066
     13/99     2.98G   0.04861    0.1658  0.004101    0.2185       761       640    0.9624    0.3018    0.3075    0.1021   0.04993    0.1163  0.006955
     14/99     2.98G   0.04693    0.1607  0.004056    0.2116       604       640    0.9728    0.3026    0.3335    0.1619   0.03433    0.1144  0.007007
     15/99     2.98G   0.04691    0.1628  0.004241    0.2139       568       640    0.9528    0.2894    0.3166    0.1662   0.03899    0.1084  0.007015
     16/99     2.98G   0.04614    0.1523   0.00414    0.2025       623       640    0.9837    0.2985    0.3397     0.212   0.03924    0.1072  0.006809
     17/99     2.98G   0.04334    0.1449  0.003886    0.1921       567       640     0.976    0.2968    0.3307    0.1699   0.03372     0.111  0.006763
     18/99     2.98G   0.04359    0.1538  0.003707    0.2011       962       640    0.9832     0.314    0.3326    0.2005   0.03688     0.106  0.006696
     19/99     2.98G   0.04287    0.1479  0.003785    0.1945       649       640    0.8791     0.271    0.2638    0.1703   0.03577    0.1078  0.006363
     20/99     2.98G   0.04327    0.1554  0.003896    0.2026       561       640    0.9563    0.3194    0.3317     0.177   0.03153    0.1101  0.005897
     21/99     2.98G   0.03768    0.1449  0.003584    0.1862       491       640    0.9719    0.3009    0.3441    0.1643   0.03137    0.1068  0.005659
     22/99     2.98G   0.03681    0.1511  0.003743    0.1917       666       640    0.9894    0.3193    0.3418     0.216    0.0283    0.1023  0.005501
     23/99     2.98G    0.0365    0.1506   0.00338    0.1905       836       640    0.9929    0.3248    0.3391    0.2084   0.02823     0.104  0.005212
     24/99     2.98G   0.04726     0.166  0.003589    0.2168       680       640    0.8829    0.2709    0.2782    0.1017   0.03342    0.1101  0.005086
     25/99     2.98G   0.04512    0.1557  0.003724    0.2045       614       640    0.9058    0.2725    0.2884   0.09574   0.03707    0.1077  0.005177
     26/99     2.98G   0.04234     0.163  0.003839    0.2092       709       640    0.8666    0.2959    0.2158   0.09977   0.03925     0.111  0.004915
     27/99     2.98G   0.04003    0.1548  0.003589    0.1985       523       640    0.9145    0.2676    0.2903    0.1299   0.03061    0.1388  0.004817
     28/99     2.98G   0.03755    0.1522  0.003175     0.193       693       640    0.9249    0.2804    0.3122      0.18   0.03013    0.1087  0.004504
     29/99     2.98G   0.03837    0.1545   0.00332    0.1962       633       640    0.9399     0.291    0.3216    0.1614   0.03648    0.1154  0.004184
     30/99     2.98G   0.03975    0.1383  0.003341    0.1814      1149       640    0.9855    0.3203    0.3448    0.1606   0.03479    0.1063  0.004047
     31/99     2.98G   0.04063    0.1466  0.003227    0.1904       560       640    0.9845    0.3245    0.3603    0.1942   0.03302    0.1081   0.00421
     32/99     2.98G   0.03476    0.1497  0.003049    0.1875       884       640    0.9943    0.3183    0.3654    0.2253   0.02945    0.1029  0.004126
     33/99     2.98G   0.03556    0.1372  0.003046    0.1758       530       640    0.6421    0.3804    0.3631    0.2588   0.02428    0.1009  0.004235
     34/99     2.98G    0.0352    0.1501  0.003351    0.1887       546       640    0.7234    0.3632    0.3685    0.2478   0.02361    0.1097  0.003984
     35/99     2.98G   0.03399    0.1436  0.002897    0.1805       767       640    0.7063    0.4492    0.4411     0.263   0.02745   0.09875  0.003838
     36/99     2.98G   0.03454    0.1328  0.002898    0.1703       678       640     0.695    0.3977    0.3655    0.2547    0.0245   0.09797  0.003837
     37/99     2.98G   0.03299    0.1429  0.002905    0.1788       465       640    0.6939    0.4235    0.3951    0.2726   0.02467    0.1024  0.003847
     38/99     2.98G   0.03167    0.1437   0.00296    0.1783       536       640    0.7534    0.4151    0.4211    0.2664   0.02322   0.09896   0.00361
     39/99     2.98G   0.03577    0.1416  0.002795    0.1802       881       640    0.9923    0.3107    0.3985    0.2164    0.0349    0.1209  0.003467
     40/99     2.98G   0.04005    0.1482  0.002982    0.1912       699       640    0.6885    0.4321    0.4092    0.2447   0.02592   0.09884  0.003528
     41/99     2.98G   0.03525    0.1482  0.002946    0.1864       738       640    0.9906    0.3234    0.4056    0.2592   0.02571    0.1078  0.004391
     42/99     2.98G    0.0358    0.1376  0.003203    0.1766       622       640    0.7897    0.4218    0.4232    0.2688   0.02878    0.1075  0.004109
     43/99     2.98G   0.03326    0.1452  0.002776    0.1812       659       640    0.7497    0.4491    0.4334    0.2818    0.0259   0.09622  0.003936
     44/99     2.98G   0.03312    0.1376  0.002752    0.1735       573       640    0.8067    0.4316    0.4298    0.2979   0.02261    0.0987  0.003733
     45/99     2.98G   0.03169    0.1462  0.002719    0.1806       810       640    0.8408    0.4723    0.4645    0.3064   0.02539    0.1015   0.00337
     46/99     2.98G   0.03143    0.1236  0.002748    0.1578       329       640     0.862    0.4747    0.4828    0.3332   0.02647   0.09418  0.003304
     47/99     2.98G   0.02962    0.1333  0.002586    0.1655       543       640    0.8121    0.4831    0.4803    0.3358   0.02509   0.09567  0.003358
     48/99     2.98G   0.03044    0.1324  0.002551    0.1654       424       640    0.8719     0.481    0.4879    0.3479   0.02321   0.09443  0.003341
     49/99     2.98G   0.03243    0.1336  0.002655    0.1687       474       640    0.8782    0.5004    0.4908     0.315   0.02542   0.09579  0.003499
     50/99     2.98G   0.03083    0.1279  0.002358     0.161       623       640     0.883    0.4746    0.4866    0.3315   0.02328   0.09185  0.003683
     51/99     2.98G   0.03084    0.1243  0.002592    0.1577      1006       640    0.8741    0.4832     0.472    0.3023   0.02325   0.09571  0.003941
     52/99     2.98G   0.03064    0.1233  0.002541    0.1565       485       640    0.8773    0.4883    0.4858    0.3446   0.01787   0.08969  0.003788
     53/99     2.98G    0.0288    0.1254  0.002573    0.1568       681       640    0.8767    0.5005    0.4924    0.3502   0.01974   0.09472  0.003476
     54/99     2.98G   0.02567    0.1378   0.00244    0.1659       578       640    0.8547    0.5011    0.4896     0.349   0.01844   0.09739  0.003461
     55/99     2.98G   0.02496    0.1242  0.002319    0.1515       539       640    0.8159    0.5175    0.4999    0.3474    0.0199   0.09053  0.003377
     56/99     2.98G   0.02698    0.1234  0.002331    0.1527       737       640    0.8521    0.5092    0.5044     0.362   0.01688   0.08832  0.002916
     57/99     2.98G   0.02514    0.1209  0.002153    0.1482       763       640    0.8813    0.5038    0.5003    0.3785   0.01788   0.08873  0.002976
     58/99     2.98G   0.02406    0.1163  0.002158    0.1425       482       640    0.8701     0.509    0.4979     0.366    0.0175   0.08877  0.003083
     59/99     2.98G   0.02518    0.1213  0.002143    0.1486       643       640    0.8472    0.5091     0.479    0.3655   0.01783   0.08727  0.003151
     60/99     2.98G    0.0259    0.1189  0.002143    0.1469       803       640    0.8436    0.5091    0.4863    0.3547   0.01714   0.08728  0.003332
     61/99     2.98G   0.02466    0.1188  0.002308    0.1458       810       640    0.8979    0.5006    0.5093    0.3805    0.0172   0.08642  0.003525
     62/99     2.98G   0.02305    0.1192  0.002238    0.1445       590       640    0.8561      0.51    0.5038    0.3641   0.01565   0.08582  0.003448
     63/99     2.98G   0.02131    0.1156  0.002051     0.139       671       640     0.874    0.5102    0.5158    0.3821   0.01538   0.08632  0.003052
     64/99     2.98G   0.02315    0.1235  0.002026    0.1487       340       640    0.8654    0.5111    0.5207     0.376   0.01475   0.08512  0.002733
     65/99     2.98G   0.02172    0.1118  0.002304    0.1358      1014       640     0.531    0.5251    0.5232    0.3914   0.01485   0.08401  0.002752
     66/99     2.98G   0.02241    0.1145  0.001861    0.1387       437       640    0.5409    0.5101    0.5155    0.3878   0.01584   0.08692   0.00273
     67/99     2.98G   0.02201    0.1122  0.001779     0.136       798       640    0.5399    0.5189    0.5147    0.3822   0.01575   0.08376  0.002842
     68/99     2.98G   0.02188    0.1088  0.001888    0.1326       300       640    0.5593    0.5192    0.5223    0.3922    0.0144   0.08187  0.002904
     69/99     2.98G   0.02103    0.1106  0.002035    0.1336       882       640    0.8537    0.5282     0.499    0.3757    0.0172   0.08304  0.002804
     70/99     2.98G   0.02154    0.1106  0.001922     0.134       711       640    0.8721    0.5278    0.5167    0.3866   0.01631   0.08227  0.002902
     71/99     2.98G   0.02113    0.1074   0.00194    0.1305       704       640    0.8829    0.5183    0.5163    0.3883   0.01526   0.08244  0.002948
     72/99     2.98G   0.02581    0.1095  0.002094    0.1375       796       640    0.8817    0.5186    0.5164    0.3898   0.01411   0.08223  0.002824
     73/99     2.98G   0.02009    0.1061  0.001818    0.1281       727       640    0.8905     0.518    0.5236    0.3942   0.01494   0.08261   0.00274
     74/99     2.98G    0.0222    0.1088  0.001723    0.1327       814       640    0.8538    0.5273    0.5172    0.3876   0.01558    0.0832   0.00269
     75/99     2.98G   0.02005    0.1032  0.001768    0.1251       557       640      0.87    0.5265    0.5234     0.399   0.01514   0.08121  0.002717
     76/99     2.98G    0.0191    0.1058  0.002012    0.1269       762       640    0.9208    0.5172    0.5439     0.424   0.01416   0.08055  0.002702
     77/99     2.98G   0.02055    0.1043  0.001721    0.1266       456       640    0.9241    0.5179    0.5513    0.4287   0.01467   0.07984  0.002601
     78/99     2.98G   0.02032    0.1046  0.001593    0.1265       665       640    0.9269    0.5178    0.5649    0.4292   0.01481   0.08116   0.00241
     79/99     2.98G   0.01991    0.1047  0.001631    0.1262       775       640    0.9522    0.5091    0.5807    0.4497   0.01374   0.07968  0.002316
     80/99     2.98G   0.01916     0.107  0.001616    0.1277       631       640    0.9178    0.5175    0.5827    0.4528   0.01282   0.07938  0.002281
     81/99     2.98G   0.01852    0.1021  0.001563    0.1222       761       640    0.9409    0.5174     0.595    0.4553   0.01342   0.08111  0.002297
     82/99     2.98G   0.02102   0.09664  0.001679    0.1193       529       640    0.9415    0.5174    0.5936    0.4599   0.01357   0.07978  0.002348
     83/99     2.98G   0.02014   0.09976  0.001581    0.1215       546       640    0.5082    0.6294    0.5958     0.464   0.01279   0.07935  0.002356
     84/99     2.98G   0.01897    0.1008  0.001352    0.1211       514       640    0.5326    0.6301    0.6046    0.4818   0.01251   0.07927  0.002385
     85/99     2.98G   0.01946    0.1061   0.00151     0.127       576       640    0.8963     0.604     0.613    0.4807   0.01311   0.08015  0.002352
     86/99     2.98G   0.01836   0.09971  0.001535    0.1196       740       640     0.881    0.6116    0.6066    0.4785   0.01234   0.07869  0.002288
     87/99     2.98G   0.01764    0.1026  0.001488    0.1218       508       640    0.8806    0.6115    0.6097    0.4755    0.0125   0.07846  0.002256
     88/99     2.98G   0.01804     0.102  0.001341    0.1214       615       640    0.9105    0.6108    0.6224    0.4875    0.0132   0.07753  0.002169
     89/99     2.98G    0.0173    0.1012   0.00133    0.1198       786       640    0.9384    0.6119    0.6249    0.4904   0.01323   0.07775  0.002148
     90/99     2.98G   0.01755   0.09494  0.001371    0.1139       610       640     0.915    0.6386    0.6312    0.4983   0.01304   0.07732  0.002137
     91/99     2.98G   0.01832    0.1039  0.001347    0.1236       515       640    0.9577    0.6033    0.6336    0.4996    0.0134   0.07813    0.0021
     92/99     2.98G   0.01858    0.1026  0.001501    0.1227       608       640    0.9426    0.6291    0.6354    0.5018   0.01241   0.07732  0.002175
     93/99     2.98G   0.01688   0.09956  0.001806    0.1182       707       640    0.9362    0.6289    0.6344    0.5011   0.01214   0.07772  0.002316
     94/99     2.98G   0.01858    0.1009  0.001475    0.1209       718       640    0.9365    0.6284    0.6341    0.4963   0.01252   0.07705  0.002585
     95/99     2.98G   0.01739    0.1013  0.001385    0.1201       644       640     0.932    0.6284    0.6311    0.4961   0.01238   0.07784  0.002646
     96/99     2.98G   0.01818    0.1022  0.001406    0.1218       508       640    0.9394    0.6369    0.6355    0.4968   0.01252   0.07733   0.00256
     97/99     2.98G   0.01676   0.09815  0.001647    0.1166       603       640    0.9317    0.6366    0.6375    0.5051    0.0123   0.07696    0.0025
     98/99     2.98G   0.01952    0.1013  0.001405    0.1222       845       640    0.9659    0.6111    0.6369    0.4951   0.01311   0.07818  0.002474
     99/99     2.98G   0.01854   0.09711  0.001433    0.1171       645       640    0.9658    0.6195    0.6392    0.5011   0.01344   0.07707  0.002464
