       0/9     1.16G   0.07479   0.08813   0.02434    0.1873       788       448 0.0006729 0.0008093 5.048e-06 1.143e-06   0.06361   0.06441   0.02206
       1/9     1.75G   0.06887   0.09475    0.0204     0.184       482       448    0.0136   0.02964  0.001104 0.0001914   0.06127   0.06598   0.01783
       2/9     1.75G   0.06799   0.08918   0.01757    0.1747       697       448   0.01525   0.03713  0.002347 0.0003843   0.06035   0.06618   0.01197
       3/9     1.75G   0.06276     0.095   0.01229    0.1701       615       448    0.0291    0.1245   0.01153  0.001971   0.05613   0.07109  0.008814
       4/9     1.75G   0.05914   0.09968  0.009837    0.1687       673       448     0.723    0.1002   0.02863  0.005167    0.0511   0.07869  0.006046
       5/9     1.75G   0.05573    0.1039  0.008107    0.1677       566       448    0.7563    0.1384   0.06333    0.0129   0.04547   0.08219   0.00475
       6/9     1.75G   0.04685    0.1109  0.005667    0.1634       441       448    0.7816    0.1717   0.09481   0.02005   0.04167   0.07977   0.00429
       7/9     1.75G   0.04414    0.1113  0.005103    0.1606       647       448    0.8055    0.1883    0.1267   0.03027    0.0382   0.08114  0.003847
       8/9     1.75G   0.04128    0.1095  0.004306    0.1551       635       448    0.8219    0.1973    0.1466   0.03818   0.03585   0.07866  0.003656
       9/9     1.75G   0.04217    0.1119  0.004775    0.1588       677       448    0.8417    0.2006    0.1673     0.046   0.03413   0.07913  0.003508
