      0/99     9.28G    0.1163    0.4045   0.03459    0.5553       500       640   0.03949    0.1067  0.007802   0.00129    0.1072    0.3349   0.03353
      1/99     9.27G    0.1108    0.3595   0.02744    0.4978       951       640   0.05565    0.2248   0.03033  0.005125    0.1012    0.2868   0.02367
      2/99     9.27G    0.1032    0.3065   0.01994    0.4297       527       640    0.7612    0.1329   0.07354   0.01439   0.08965    0.2684   0.01484
      3/99     9.27G   0.09134     0.281   0.01337    0.3857       706       640     0.822    0.2076    0.1586   0.04294   0.07443    0.2525  0.009732
      4/99     9.27G   0.07997    0.2861  0.008922     0.375       682       640    0.8418    0.2231    0.1783   0.04932     0.069    0.2423   0.00734
      5/99     9.27G   0.07146    0.2912  0.006615    0.3692       721       640    0.8971    0.2485    0.2615    0.1041   0.05809    0.2211  0.006348
      6/99     9.27G   0.06454    0.2867  0.005416    0.3567       784       640    0.9274    0.2699    0.2936    0.1396   0.05473    0.2117  0.005804
      7/99     9.27G   0.06062    0.2751   0.00454    0.3403       637       640    0.8912    0.2884    0.2773    0.1299   0.05605    0.2075  0.005417
      8/99     9.27G   0.07492    0.2799  0.004139    0.3589       639       640    0.9054     0.276    0.2762    0.1253   0.06085    0.2189  0.005622
      9/99     9.27G   0.07131    0.2854  0.004066    0.3608       790       640     0.873    0.2367    0.2451    0.0696    0.0584     0.229  0.005578
     10/99     9.27G   0.06827    0.2827  0.004091    0.3551       514       640    0.9711    0.3019    0.3225    0.1834   0.05316    0.2111  0.005443
     11/99     9.27G   0.06544    0.2827  0.004023    0.3521       687       640    0.8946    0.2404    0.2615    0.1129   0.05888    0.2123  0.005511
     12/99     9.27G   0.06475    0.2791  0.004051    0.3479       785       640    0.9183    0.2806     0.294     0.165   0.05181    0.2065  0.005401
     13/99     9.27G   0.06481    0.2642  0.004002     0.333       664       640    0.9747    0.3061    0.3233    0.1579   0.05678    0.2103   0.00543
     14/99     9.27G   0.06072    0.2593  0.003837    0.3239       693       640    0.9251    0.3072    0.3006    0.1612   0.04906    0.2006  0.005331
     15/99     9.27G   0.06086    0.2763  0.003983    0.3411       891       640    0.9603    0.2751    0.3145    0.1778   0.04762    0.2043  0.005351
     16/99     9.27G   0.05861      0.28  0.003983    0.3426       867       640    0.9735    0.3076    0.3283    0.2129   0.04641    0.1964  0.005303
     17/99     9.27G   0.05815    0.2678  0.003792    0.3298       659       640    0.9512    0.2993    0.3395      0.21   0.04976    0.2005  0.005341
     18/99     9.27G   0.05596    0.2681  0.003921     0.328       863       640    0.9837    0.3116    0.3364    0.2109    0.0403    0.1964  0.005257
     19/99     9.27G   0.05443    0.2453  0.003762    0.3035       731       640    0.9817    0.3134    0.3397     0.209   0.05025    0.1967  0.005243
     20/99     9.27G   0.05411    0.2649  0.003762    0.3228       895       640    0.9833     0.326    0.3437    0.2067   0.03804    0.1892  0.005222
     21/99     9.27G   0.05307    0.2758  0.003784    0.3326       456       640    0.9399    0.3047    0.3378    0.1978   0.04363    0.1989  0.005131
     22/99     9.27G   0.05272    0.2619  0.003457    0.3181       601       640    0.9946    0.3261    0.3592    0.2395    0.0381    0.1854  0.005092
     23/99     9.27G   0.05127    0.2414  0.003685    0.2964       945       640    0.9563    0.3237    0.3697    0.2401   0.03923    0.1853  0.005013
     24/99     9.27G   0.05874    0.2793  0.003827    0.3419       557       640    0.9916    0.3229    0.3417    0.1964   0.04823    0.2181  0.005383
     25/99     9.27G   0.05579    0.2724  0.003982    0.3321       651       640    0.9768    0.2971    0.3827    0.2095   0.04622    0.2031  0.005288
     26/99     9.27G   0.05598    0.2758  0.003945    0.3357       520       640    0.9233    0.2904     0.333     0.162   0.04544    0.2131  0.005236
     27/99     9.27G    0.0561    0.2664  0.003746    0.3263       681       640    0.9947    0.3228    0.3894    0.2511   0.04376    0.1904  0.005233
     28/99     9.27G   0.05473    0.2667  0.003778    0.3252       723       640    0.3582    0.4433    0.4364    0.2542   0.04237    0.1896  0.005171
     29/99     9.27G   0.05322    0.2543  0.003759    0.3113       367       640    0.3584    0.4296    0.4064    0.1932   0.04939    0.2002  0.005112
     30/99     9.27G   0.05317     0.243   0.00372    0.2999       493       640    0.4076    0.4862    0.4922     0.308   0.04361    0.1977  0.005118
     31/99     9.27G   0.05203    0.2475  0.003642    0.3032       630       640    0.3685    0.4863    0.4705    0.2916    0.0447    0.2014  0.005122
     32/99     9.27G   0.05033    0.2517  0.003492    0.3056       363       640    0.3716    0.5545    0.5349    0.3344   0.04178    0.1854  0.005075
     33/99     9.27G   0.05027    0.2364  0.003582    0.2902       436       640    0.8003    0.5116    0.5454    0.3359   0.04253    0.1877  0.004951
     34/99     9.27G   0.04829    0.2493  0.003502    0.3011       526       640    0.8311    0.5543    0.5832    0.3955   0.03834    0.1825  0.004908
     35/99     9.27G   0.04786    0.2378  0.003458    0.2891       745       640    0.8184    0.5615    0.5922    0.3663   0.04309    0.1946  0.004775
     36/99     9.27G   0.04713    0.2451  0.003183    0.2954       620       640    0.8326    0.6059    0.6092    0.3976    0.0387    0.1843  0.004769
     37/99     9.27G   0.04635    0.2335  0.003015    0.2829       559       640    0.8733    0.6055    0.6245    0.3585   0.03904    0.1819  0.004701
     38/99     9.27G   0.04514    0.2185  0.003168    0.2668       595       640     0.863    0.6229    0.6253    0.4178   0.03438    0.1712  0.004572
     39/99     9.27G   0.05146    0.2574  0.003036    0.3119       895       640    0.7105    0.5116    0.5035     0.226   0.06565    0.2494  0.004615
     40/99     9.27G   0.06434     0.276   0.00383    0.3442       547       640    0.8245     0.631    0.6039    0.4095   0.03922    0.1863  0.005117
     41/99     9.27G    0.0502    0.2501  0.003513    0.3038       599       640    0.8241    0.5801    0.5918    0.3735   0.04348    0.1942  0.004913
     42/99     9.27G   0.04808    0.2263  0.003354    0.2777       616       640    0.7742    0.5713    0.5903    0.3744    0.0393    0.1842  0.004651
     43/99     9.27G   0.04836    0.2451  0.003012    0.2964       627       640    0.8235    0.6312    0.6218    0.4155   0.03989    0.1908   0.00448
     44/99     9.27G   0.04758    0.2348  0.003069    0.2854       586       640     0.926    0.5969    0.6347    0.4304   0.03539    0.1727  0.004511
     45/99     9.27G   0.04585    0.2387  0.002903    0.2875       480       640    0.9292    0.5969    0.6413    0.4589   0.03365    0.1721  0.004412
     46/99     9.27G   0.04453    0.2273  0.002821    0.2746       737       640    0.8986    0.6139    0.6288    0.4728   0.03544    0.1681  0.004248
     47/99     9.27G   0.04496    0.2271  0.002845    0.2749       603       640    0.9258    0.6217    0.6337     0.432   0.03602    0.1744  0.004419
     48/99     9.27G   0.04582    0.2298  0.002876    0.2785      1149       640    0.8956    0.6399    0.6396    0.4729   0.03298    0.1693  0.004225
     49/99     9.27G   0.04401    0.2271  0.002846    0.2739       632       640    0.9291    0.6224    0.6469    0.4463   0.03612    0.1706   0.00432
     50/99     9.27G   0.04199    0.2216   0.00279    0.2663       791       640    0.9078    0.6475    0.6427    0.4419   0.03436    0.1697  0.004218
     51/99     9.27G   0.04362    0.2192  0.002746    0.2656       836       640    0.8831    0.6652      0.64    0.4416   0.03722    0.1724  0.004074
     52/99     9.27G   0.04337    0.2062  0.002543    0.2521       467       640    0.9358     0.637     0.641    0.4507    0.0333    0.1628  0.004205
     53/99     9.27G    0.0412    0.2148  0.002641    0.2587       762       640    0.9559    0.6137    0.6489    0.4894    0.0331    0.1643  0.004076
     54/99     9.27G   0.04074    0.2145  0.002579    0.2579       674       640    0.9505    0.6138    0.6478    0.4738   0.03253    0.1623  0.004056
     55/99     9.27G   0.04013    0.2151  0.002663    0.2579       831       640    0.9637    0.6138    0.6438     0.508   0.03036    0.1548  0.003972
     56/99     9.27G   0.03761    0.2063  0.002398    0.2463       741       640    0.9532    0.6223    0.6422    0.4978   0.03003    0.1561  0.004009
     57/99     9.27G   0.03726    0.2077   0.00237    0.2473       560       640    0.9361     0.631    0.6489     0.515   0.02935    0.1547  0.003912
     58/99     9.27G   0.03711    0.1989  0.002311    0.2383       525       640    0.9355    0.6393    0.6492    0.5218   0.03064    0.1563  0.003822
     59/99     9.27G   0.03756    0.1945  0.002229    0.2343       525       640     0.937    0.6478    0.6425    0.5195   0.03026     0.158  0.003847
     60/99     9.27G    0.0397     0.206  0.002233     0.248       771       640    0.9474    0.6557    0.6477    0.4863   0.03028    0.1533  0.003833
     61/99     9.27G   0.03717    0.1945  0.002376     0.234       673       640    0.9378    0.6388     0.647     0.516     0.029    0.1527  0.003824
     62/99     9.27G   0.03432    0.1976  0.002172    0.2341       715       640    0.9404    0.6396    0.6447    0.5054   0.03018    0.1627  0.003824
     63/99     9.27G   0.03593    0.1991  0.002144    0.2372       570       640    0.9513    0.6339    0.6497    0.5083   0.03136    0.1567  0.003731
     64/99     9.27G   0.03571    0.1927  0.002167    0.2306       744       640    0.9503    0.6339    0.6447    0.5291   0.02734    0.1473  0.003703
     65/99     9.27G   0.03429    0.1832  0.002012    0.2195       671       640    0.9493    0.6494    0.6456     0.533   0.02785    0.1479  0.003706
     66/99     9.27G   0.03326     0.184  0.002002    0.2192       706       640    0.9337    0.6234    0.6366     0.524   0.02883    0.1503   0.00362
     67/99     9.27G   0.03453    0.1788  0.001956    0.2153       549       640    0.9348    0.6395    0.6379    0.5258   0.02859     0.151  0.003578
     68/99     9.27G   0.03445    0.1882  0.001956    0.2246       835       640     0.952    0.6224    0.6372    0.4873   0.02845    0.1482  0.003651
     69/99     9.27G   0.03414    0.1833  0.002011    0.2194       551       640    0.9536    0.6307    0.6361    0.5282   0.02756    0.1478  0.003658
     70/99     9.27G   0.03471     0.197  0.001922    0.2336       859       640    0.9469    0.6501     0.641    0.5317    0.0287    0.1492  0.003569
     71/99     9.27G   0.03303    0.1806  0.001956    0.2156       751       640    0.9463    0.6568    0.6386    0.5346   0.02682     0.144  0.003532
     72/99     9.27G   0.03441    0.1867  0.001963    0.2231       541       640    0.9402     0.648    0.6282    0.5106   0.02762    0.1494  0.003737
     73/99     9.27G   0.03185    0.1772  0.002005    0.2111       660       640    0.9278    0.6651    0.6376    0.5257   0.02702    0.1447   0.00358
     74/99     9.27G   0.03286     0.176   0.00195    0.2108       496       640    0.9407    0.6479      0.64    0.5115   0.02866    0.1468  0.003543
     75/99     9.27G   0.03275    0.1738  0.001754    0.2083       782       640    0.9441    0.6481    0.6452     0.534   0.02773    0.1468  0.003539
     76/99     9.27G   0.03308    0.1796  0.001879    0.2145       646       640    0.9439    0.6566    0.6475    0.5478   0.02609    0.1414  0.003511
     77/99     9.27G   0.03159    0.1715  0.001777    0.2048       396       640    0.9377    0.6533    0.6475    0.5362    0.0269    0.1426  0.003504
     78/99     9.27G   0.03147    0.1755   0.00184    0.2088       853       640     0.947    0.6563    0.6465    0.5416   0.02631    0.1415  0.003515
     79/99     9.27G   0.03169    0.1748  0.001793    0.2083       457       640    0.9468    0.6394    0.6505    0.5477   0.02622    0.1422  0.003451
     80/99     9.27G   0.03263    0.1756  0.001858      0.21       699       640    0.9466    0.6561    0.6498    0.5366   0.02683    0.1429  0.003478
     81/99     9.27G   0.03173    0.1772  0.001779    0.2108       869       640    0.9604    0.6304    0.6523    0.5471   0.02591    0.1399  0.003388
     82/99     9.27G   0.03102     0.178  0.001721    0.2107       639       640    0.9572    0.6309    0.6526    0.5456   0.02632    0.1401  0.003415
     83/99     9.27G   0.03131    0.1718  0.001647    0.2047       772       640    0.9505    0.6308    0.6468    0.5336   0.02759    0.1458  0.003428
     84/99     9.27G   0.03161     0.176  0.001744    0.2094       759       640    0.9205    0.6558    0.6377    0.5362   0.02581    0.1387  0.003393
     85/99     9.27G   0.02972     0.171  0.001644    0.2024       617       640     0.901     0.665    0.6386    0.5419   0.02588    0.1386  0.003356
     86/99     9.27G   0.02917    0.1613  0.001656    0.1921       454       640    0.9308    0.6218    0.6414    0.5418   0.02542     0.138  0.003342
     87/99     9.27G   0.02998    0.1673  0.001628    0.1989       564       640    0.9382    0.6395    0.6421    0.5426   0.02552    0.1387  0.003326
     88/99     9.27G   0.03055     0.166  0.001672    0.1982       539       640    0.9342    0.6479    0.6354    0.5396   0.02621    0.1413  0.003356
     89/99     9.27G   0.03071    0.1734  0.001691    0.2058       683       640    0.9396    0.6335    0.6369    0.5418   0.02558    0.1394  0.003313
     90/99     9.27G   0.03003    0.1652  0.001612    0.1969       568       640     0.945    0.6396    0.6309    0.5276   0.02668     0.145  0.003383
     91/99     9.27G   0.02972    0.1645  0.001564    0.1958       726       640    0.9407    0.6398    0.6378    0.5384   0.02631    0.1411  0.003312
     92/99     9.27G    0.0303    0.1665  0.001638    0.1985       516       640    0.9488    0.6224    0.6381    0.5437   0.02508    0.1366  0.003266
     93/99     9.27G   0.02945    0.1662  0.001592    0.1972       790       640    0.9253    0.6384    0.6345    0.5265   0.02611    0.1392  0.003274
     94/99     9.27G   0.02932    0.1587  0.001584    0.1896       522       640    0.9513    0.6222    0.6396    0.5389   0.02619    0.1397  0.003274
     95/99     9.27G    0.0301    0.1681  0.001566    0.1998       722       640    0.9406    0.6394     0.643     0.544   0.02589    0.1383  0.003264
     96/99     9.27G   0.03018     0.168  0.001534    0.1997       859       640    0.9458    0.6305    0.6439    0.5411   0.02541    0.1376  0.003253
     97/99     9.27G   0.02887    0.1643  0.001511    0.1947       503       640    0.9383    0.6312    0.6388     0.541    0.0262    0.1408  0.003268
     98/99     9.27G   0.02855     0.159  0.001536    0.1891       546       640    0.9852    0.5777    0.6465    0.5547    0.0253    0.1394  0.003244
     99/99     9.27G   0.02939    0.1626  0.001544    0.1936      1138       640     0.937    0.6482    0.6456    0.5502   0.02612     0.141   0.00325
