      0/29     1.38G   0.07479   0.08813   0.02434    0.1873       788       448 0.0006314 0.0007587 4.658e-06 1.075e-06   0.06361   0.06439   0.02206
      1/29     1.75G   0.06887   0.09472   0.02039     0.184       482       448   0.01391   0.02145  0.001177 0.0002026   0.06122     0.066   0.01781
      2/29     1.75G   0.06786    0.0892   0.01745    0.1745       697       448   0.01612    0.0568  0.002584 0.0004211    0.0603   0.06621   0.01166
      3/29     1.75G   0.06235    0.0956   0.01193    0.1699       615       448    0.3703   0.07643    0.0136  0.002198   0.05513   0.07305  0.008313
      4/29     1.75G    0.0575    0.1016  0.009095    0.1682       673       448    0.7322    0.1046   0.03515  0.006401   0.04875   0.08204  0.005394
      5/29     1.75G    0.0524    0.1069  0.007173    0.1665       566       448    0.7652    0.1727   0.08562   0.01728   0.04197    0.0858  0.004127
      6/29     1.75G   0.04243    0.1144  0.004978    0.1618       441       448    0.8091    0.1872    0.1313   0.03141   0.03708   0.07936  0.003608
      7/29     1.75G    0.0406    0.1131  0.004321     0.158       647       448    0.8252    0.2172    0.1636   0.04561   0.03454   0.07955  0.003235
      8/29     1.75G   0.04245    0.1083  0.003454    0.1542       635       448    0.8488    0.2272    0.1871   0.05356   0.03336   0.07667  0.003106
      9/29     1.75G   0.04384    0.1112  0.004031    0.1591       677       448     0.792    0.2004    0.1396   0.03887   0.03665   0.07496  0.003024
     10/29     1.75G   0.04195    0.1088  0.002911    0.1536       578       448    0.8555    0.2726    0.1979   0.06824    0.0285   0.07613  0.002924
     11/29     1.75G   0.04729     0.109  0.004242    0.1605       405       448    0.8331    0.2642    0.1743   0.04547   0.03548   0.07518  0.002893
     12/29     1.75G   0.03805    0.1064  0.003027    0.1475       521       448    0.9008    0.2868    0.2655    0.1187   0.02757   0.07639  0.002813
     13/29     1.75G   0.03866    0.1092  0.003929    0.1518       759       448    0.8261    0.2762    0.1962   0.07544   0.02992   0.07341  0.002755
     14/29     1.75G   0.03332    0.1095  0.002323    0.1451       604       448    0.9384    0.2976    0.2974    0.1416    0.0276   0.07426  0.002753
     15/29     1.75G   0.03829    0.1094  0.003886    0.1516       567       448    0.8698    0.2801    0.2104   0.05628   0.02734   0.07516  0.002746
     16/29     1.75G   0.04026    0.1042  0.003694    0.1481       623       448    0.9159    0.2985    0.3023     0.142   0.02185   0.07343  0.002716
     17/29     1.75G   0.03495    0.0991  0.002879    0.1369       564       448     0.871    0.2615    0.2327   0.08117    0.0242   0.07182  0.002682
     18/29     1.75G   0.03606    0.1034  0.003137    0.1426       943       448    0.9132    0.3094    0.2959    0.1614   0.02239    0.0715   0.00268
     19/29     1.75G   0.03787    0.1029  0.003171    0.1439       648       448    0.9005     0.299     0.274    0.1396   0.02453   0.07022  0.002668
     20/29     1.75G   0.03546    0.1014  0.003357    0.1402       561       448     0.974    0.3062     0.339    0.1952   0.02041   0.06873  0.002649
     21/29     1.75G   0.03417   0.09971  0.003213    0.1371       489       448    0.9148    0.2682    0.2985     0.126   0.02461   0.06941  0.002639
     22/29     1.75G   0.02653     0.103  0.002127    0.1317       664       448    0.9783    0.3112    0.3539    0.1828   0.01945   0.06794  0.002602
     23/29     1.75G     0.028    0.1012  0.002696    0.1319       831       448    0.2886    0.4019    0.3496    0.1723   0.02176   0.06736   0.00258
     24/29     1.75G   0.03299    0.1066  0.003613    0.1432       677       448     0.859    0.3085     0.255    0.1239   0.02351   0.07021  0.002605
     25/29     1.75G   0.03389   0.09945  0.003152    0.1365       612       448    0.2042    0.3748    0.1871   0.06513   0.02505   0.07237   0.00259
     26/29     1.75G   0.03187    0.1035  0.002828    0.1382       708       448    0.9511    0.3127    0.3269    0.1454   0.02105   0.06708    0.0026
     27/29     1.75G   0.02891    0.1009  0.003196     0.133       523       448    0.6191    0.4043    0.3557    0.1917    0.0213   0.06733  0.002603
     28/29     1.75G   0.02797   0.09936  0.002199    0.1295       691       448    0.2761    0.4131    0.3573    0.1977   0.01993   0.06629  0.002592
     29/29     1.75G   0.03242    0.1002  0.004312    0.1369       633       448    0.6654     0.412    0.3711    0.1842   0.02039   0.06717  0.002584
