     0/999     1.38G   0.07479    0.0881   0.02434    0.1872       788       448 0.0007172 0.0008599 5.505e-06 1.163e-06   0.06361   0.06439   0.02206
     1/999     1.75G   0.06887   0.09471   0.02039     0.184       482       448   0.01356   0.02099  0.001125 0.0001936   0.06126    0.0659   0.01781
     2/999     1.75G   0.06789   0.08915   0.01743    0.1745       697       448   0.01605   0.03768  0.003884  0.000542   0.06047   0.06601   0.01152
     3/999     1.75G   0.06185   0.09553   0.01191    0.1693       615       448     0.375   0.07759   0.01573  0.002599   0.05452   0.07252  0.008692
     4/999     1.75G   0.05797    0.1018  0.009206     0.169       673       448   0.05696    0.1705   0.03544  0.006532   0.04996   0.08018  0.005236
     5/999     1.75G   0.05269    0.1067  0.007208    0.1666       566       448    0.7697    0.1407    0.0746   0.01631    0.0427   0.08564  0.004153
     6/999     1.75G   0.04301    0.1144  0.004972    0.1624       441       448    0.7937    0.1962    0.1159   0.02693   0.03659   0.07957  0.003598
     7/999     1.75G    0.0403    0.1133  0.004572    0.1582       647       448    0.8397    0.2243    0.1768    0.0524    0.0343   0.08044   0.00324
     8/999     1.75G   0.04405    0.1085  0.003546    0.1561       635       448    0.8732    0.2403    0.2083   0.06807   0.03158   0.07756  0.003075
     9/999     1.75G   0.04612    0.1097  0.003975    0.1598       677       448    0.4539     0.214    0.1338   0.03833      0.04   0.07677   0.00308
    10/999     1.75G   0.04292    0.1094  0.003152    0.1555       578       448    0.8772    0.2625    0.2423   0.09846   0.03027   0.07773  0.002874
    11/999     1.75G   0.04599    0.1091  0.004306    0.1594       405       448    0.8104    0.2541     0.158   0.03983   0.03678   0.07417  0.002848
    12/999     1.75G   0.03983    0.1048  0.002956    0.1476       521       448    0.8935    0.2677    0.2577    0.1048     0.038   0.07464  0.002787
    13/999     1.75G   0.04117    0.1097   0.00371    0.1546       759       448    0.9682    0.2863     0.304    0.1131   0.02835    0.0749   0.00275
    14/999     1.75G   0.03474    0.1111  0.002328    0.1482       604       448    0.8998    0.2541    0.2601   0.09898   0.02989   0.07239  0.002725
    15/999     1.75G   0.04081    0.1098  0.004013    0.1547       567       448    0.8944    0.2692    0.2514     0.109   0.04023    0.0679  0.002748
    16/999     1.75G   0.04377    0.1023  0.003907      0.15       623       448    0.9674    0.2983    0.3153     0.141   0.02523   0.07302  0.002821
    17/999     1.75G   0.04065    0.1003  0.003007    0.1439       564       448    0.9187    0.2627    0.2687   0.07437   0.03361   0.07025  0.002699
    18/999     1.75G   0.03719    0.1048  0.003423    0.1455       943       448    0.9261    0.2939    0.3007    0.1386   0.02389   0.06968  0.002707
    19/999     1.75G   0.04014    0.1062  0.003741    0.1501       648       448    0.8689    0.2925    0.2153    0.0719   0.03214    0.0717  0.002678
    20/999     1.75G   0.03869    0.1017  0.003349    0.1438       561       448    0.8773    0.3043    0.2738    0.1149   0.02203    0.0697  0.002701
    21/999     1.75G   0.03705    0.1004  0.003464    0.1409       489       448    0.9435     0.281    0.3021    0.1031   0.02726   0.06968  0.002743
    22/999     1.75G   0.03065    0.1045  0.002247    0.1374       664       448    0.9284    0.2808    0.3313    0.1544   0.02208   0.06827  0.002693
    23/999     1.75G   0.03392    0.1029   0.00276    0.1395       831       448    0.9791    0.3134    0.3487    0.1576   0.02273   0.06671  0.002676
    24/999     1.75G   0.04235     0.134  0.004084    0.1804       677       448    0.7997    0.2183    0.1317   0.03262   0.02954    0.0832  0.002644
    25/999     1.75G    0.0418    0.1022  0.003632    0.1477       612       448    0.8672    0.2965    0.2302   0.06217   0.03512   0.06568  0.002755
    26/999     1.75G   0.03683    0.1059  0.003037    0.1457       708       448    0.8113    0.3058    0.1754   0.07606   0.03158     0.086  0.002666
    27/999     1.75G    0.0345    0.1033  0.003448    0.1413       523       448    0.8364    0.3032    0.2219   0.08687    0.0254   0.06899  0.002684
    28/999     1.75G   0.03341    0.1025  0.002637    0.1386       691       448    0.9493    0.3169    0.3296    0.1754   0.02124   0.06557  0.002733
    29/999     1.75G   0.03768    0.1045  0.004786     0.147       633       448    0.5849    0.3993    0.2731   0.09453   0.02477   0.06943  0.002728
    30/999     1.75G   0.02992   0.09838  0.002674     0.131      1144       448     0.553    0.4119    0.2722   0.09638    0.0253   0.07243  0.002638
    31/999     1.75G   0.03186   0.09945  0.003084    0.1344       558       448    0.5974    0.4029    0.3436    0.1559     0.023   0.06561  0.002677
    32/999     1.75G   0.03264   0.09971  0.003319    0.1357       877       448    0.6623    0.4275    0.3889    0.2142   0.02164   0.06392   0.00268
    33/999     1.75G   0.02903   0.09575  0.002649    0.1274       528       448    0.6797    0.4214    0.3865    0.2426   0.01958   0.06546  0.002727
    34/999     1.75G   0.02778    0.1003  0.002702    0.1308       547       448    0.6377    0.4208    0.3798    0.2204   0.02103   0.06503  0.002691
    35/999     1.75G   0.02836    0.0992  0.002544    0.1301       768       448     0.691    0.4461     0.414     0.213   0.02156   0.07552  0.002694
    36/999     1.75G    0.0278   0.09737  0.002766    0.1279       676       448    0.6888    0.4561    0.4118    0.2033   0.02036   0.06383  0.002599
    37/999     1.75G   0.03277    0.1003  0.004021    0.1371       466       448    0.7324    0.4655    0.4118    0.2593   0.02088   0.06528  0.002647
    38/999     1.75G   0.02952   0.09615  0.003085    0.1288       536       448    0.6814    0.4742    0.4144    0.2311   0.01838   0.06333   0.00253
    39/999     1.75G   0.03266   0.09927  0.004054     0.136       878       448    0.6893    0.2684    0.2077   0.03974   0.03665   0.08509  0.002564
    40/999     1.75G   0.03935    0.1026  0.003612    0.1456       698       448    0.9505     0.293    0.3031    0.1131   0.02336   0.07087  0.002528
    41/999     1.75G   0.03213   0.09806  0.003193    0.1334       734       448    0.5423    0.3939    0.2866    0.1123   0.02396   0.07013  0.002551
    42/999     1.75G   0.02796   0.09673  0.002398    0.1271       622       448    0.6287    0.3929    0.3493    0.1048    0.0261   0.07574  0.002598
    43/999     1.75G   0.02877   0.09994   0.00272    0.1314       660       448    0.6406    0.4043    0.3532    0.1857   0.02151   0.06415  0.002591
    44/999     1.75G   0.03375   0.09357  0.003851    0.1312       569       448    0.7059    0.4294    0.3886    0.2263   0.01973   0.06382   0.00262
    45/999     1.75G   0.03227    0.1025  0.003771    0.1386       807       448     0.658    0.4307    0.3868    0.2007    0.0213    0.0746  0.002657
    46/999     1.75G   0.03138   0.09374  0.003676    0.1288       328       448    0.7417    0.4244    0.3921    0.1599   0.02407   0.06846   0.00255
    47/999     1.75G   0.03252   0.09843  0.004061     0.135       543       448    0.6814    0.4137    0.3977    0.2291   0.01988   0.06494  0.002549
    48/999     1.75G   0.02891   0.09376  0.002627    0.1253       425       448    0.6957    0.4377    0.3966    0.2222   0.01748   0.06272  0.002561
    49/999     1.75G   0.02987   0.09258  0.003805    0.1262       472       448    0.7549    0.4463    0.4266    0.1736   0.02023   0.06399  0.002563
    50/999     1.75G   0.02675    0.0915  0.002819    0.1211       623       448      0.77    0.4474    0.4353    0.2808   0.01704   0.06146  0.002445
    51/999     1.75G   0.03081   0.08638  0.003315    0.1205       999       448    0.7669    0.4646    0.4333    0.2249   0.01968   0.06265  0.002392
    52/999     1.75G   0.02553    0.0888  0.002381    0.1167       485       448    0.7326    0.4644    0.4182    0.2692    0.0162   0.05981  0.002482
    53/999     1.75G   0.03009   0.09282  0.003592    0.1265       680       448    0.7932    0.4654    0.4378    0.2655   0.01682   0.06141  0.002502
    54/999     1.75G   0.02209   0.09337  0.002115    0.1176       575       448    0.8074    0.4656    0.4344    0.2728   0.01687   0.05979  0.002466
    55/999     1.75G   0.02363   0.08458  0.002558    0.1108       536       448    0.7998    0.4653     0.445    0.2843   0.01713   0.05863  0.002424
    56/999     1.75G   0.02497   0.08509  0.003329    0.1134       736       448    0.8085    0.4827    0.4466    0.3041   0.01506   0.05744  0.002378
    57/999     1.75G   0.02242   0.08717  0.002111    0.1117       756       448    0.8009    0.4825    0.4729    0.2675   0.01742   0.06064  0.002369
    58/999     1.75G   0.03081   0.08415  0.003886    0.1188       481       448    0.8151     0.481    0.4544    0.2679   0.01776   0.06002  0.002349
    59/999     1.75G   0.02656   0.08637  0.002797    0.1157       644       448    0.7969    0.4824    0.4519    0.2837   0.01531   0.05813  0.002391
    60/999     1.75G   0.02488   0.08651   0.00346    0.1148       800       448    0.7988    0.4912    0.4513     0.306   0.01529    0.0574  0.002398
    61/999     1.75G    0.0238   0.08667  0.003223    0.1137       808       448    0.8286    0.4656    0.4596     0.297   0.01543   0.05743   0.00239
    62/999     1.75G   0.02235   0.08815  0.003703    0.1142       590       448    0.9586    0.4385    0.4745    0.3324   0.01461   0.05771  0.002332
    63/999     1.75G   0.01959   0.08497  0.002187    0.1068       671       448    0.9658     0.465    0.4925    0.3326   0.01472   0.05535  0.002242
    64/999     1.75G   0.02318   0.08847  0.002863    0.1145       340       448    0.9241    0.4651     0.479    0.3303   0.01379   0.05455  0.002275
    65/999     1.75G   0.02264   0.07993  0.002847    0.1054      1010       448     0.929    0.4654    0.4856    0.3374   0.01525   0.05594   0.00223
    66/999     1.75G   0.02198   0.08111  0.002323    0.1054       435       448    0.8951    0.4995    0.5021    0.3504   0.01607   0.05517  0.002216
    67/999     1.75G   0.02103   0.08121  0.002562    0.1048       796       448     0.878    0.4997    0.5086    0.3621   0.01482   0.05618  0.002189
    68/999     1.75G   0.02095   0.08448  0.002668    0.1081       300       448    0.9027     0.482     0.521    0.3617   0.01372   0.05535  0.002229
    69/999     1.75G    0.0197   0.08359  0.001754     0.105       877       448    0.8832    0.4915    0.5264    0.3735   0.01368   0.05543  0.002177
    70/999     1.75G   0.02026   0.08113  0.001959    0.1034       709       448    0.8912    0.4914    0.5584    0.3737   0.01448   0.05521  0.002049
    71/999     1.75G   0.02373   0.07994  0.003054    0.1067       699       448    0.9033    0.4999    0.5731    0.4039   0.01428    0.0538  0.002038
    72/999     1.75G   0.02374   0.08216  0.002869    0.1088       794       448    0.8546    0.6187    0.5949    0.3921   0.01369   0.05369  0.002036
    73/999     1.75G   0.02098   0.07997  0.001905    0.1029       726       448    0.9313    0.6023    0.6219    0.4369   0.01482   0.05483  0.001942
    74/999     1.75G   0.02329   0.08101  0.002023    0.1063       811       448    0.9229    0.6107    0.6191    0.4341   0.01391   0.05407  0.002038
    75/999     1.75G   0.01935   0.07532  0.003073   0.09774       558       448    0.9537      0.61    0.6296     0.465   0.01374   0.05281   0.00193
    76/999     1.75G   0.01892   0.07918  0.001661   0.09977       761       448    0.9477    0.6187    0.6307    0.4521   0.01318   0.05286  0.001916
    77/999     1.75G   0.02227   0.08193     0.002    0.1062       459       448    0.9519     0.626    0.6422    0.4328   0.01352   0.05385  0.001814
    78/999     1.75G   0.02325   0.08058  0.001972    0.1058       666       448     0.948    0.6254     0.646    0.4677   0.01378   0.05414  0.001766
    79/999     1.75G   0.01937   0.07859  0.002279    0.1002       772       448    0.9209    0.6449    0.6452    0.4803   0.01366   0.05295  0.001809
    80/999     1.75G   0.02106   0.08452   0.00174    0.1073       631       448    0.9518    0.6261     0.643    0.4806   0.01287   0.05312  0.001795
    81/999     1.75G   0.02287   0.07926  0.002622    0.1047       761       448    0.9302    0.6308    0.6287    0.3371   0.01611   0.05966  0.002083
    82/999     1.75G   0.02322   0.07558  0.003532    0.1023       528       448     0.949    0.6161     0.637    0.3926   0.01519   0.05718  0.001875
    83/999     1.75G   0.01905   0.07902  0.002443    0.1005       545       448    0.9579    0.5701    0.6212    0.4413   0.01468   0.05692  0.002073
    84/999     1.75G   0.02206   0.07941  0.003021    0.1045       514       448    0.9128    0.6016    0.6172    0.3909   0.01449   0.05567  0.001996
    85/999     1.75G   0.02084   0.08056  0.002399    0.1038       576       448    0.9282    0.6268    0.6153    0.4679   0.01339   0.05462  0.002303
    86/999     1.75G   0.02023   0.07624  0.003166   0.09963       738       448    0.9409    0.6247    0.6229    0.4508   0.01337   0.05494  0.002052
    87/999     1.75G   0.01733   0.07956  0.001701   0.09859       509       448    0.9558    0.6272    0.6364    0.4749   0.01299   0.05277   0.00177
    88/999     1.75G   0.02166   0.07862  0.001813    0.1021       614       448     0.965    0.6176    0.6367    0.4605    0.0144   0.05357  0.001739
    89/999     1.75G   0.02079    0.0807  0.002524     0.104       785       448    0.9597    0.6266    0.6421    0.4646   0.01411   0.05181   0.00165
    90/999     1.75G   0.02177   0.07424  0.001825   0.09783       609       448    0.9451    0.6442    0.6464    0.3922   0.01354   0.05376  0.001643
    91/999     1.75G   0.01806   0.07715  0.002878   0.09809       514       448    0.9501    0.6535    0.6448    0.4868   0.01256   0.05316  0.001583
    92/999     1.75G   0.01981   0.08104  0.002194     0.103       606       448     0.947    0.6534     0.646    0.4856   0.01299    0.0532  0.001577
    93/999     1.75G   0.01827   0.07835  0.001414   0.09803       702       448     0.966    0.6352    0.6483    0.4872   0.01271    0.0514  0.001616
    94/999     1.75G   0.01942   0.08082   0.00197    0.1022       717       448    0.9563    0.6437    0.6457    0.4673   0.01268   0.05252  0.001665
    95/999     1.75G   0.02059   0.07979  0.002983    0.1034       642       448     0.959    0.6025    0.6381    0.4749   0.01401   0.05497  0.001751
    96/999     1.75G   0.02202   0.08232  0.002503    0.1068       505       448    0.9295    0.6517    0.6418    0.4657   0.01268   0.05105  0.001769
    97/999     1.75G   0.02063    0.0765  0.002151   0.09928       601       448    0.9584    0.5986      0.63     0.477   0.01303   0.05249  0.001816
    98/999     1.75G   0.02186   0.07955  0.001972    0.1034       841       448    0.9279    0.6326    0.6327    0.4693   0.01478   0.05341  0.001753
    99/999     1.75G   0.02119    0.0768  0.002575    0.1006       643       448    0.9553    0.6429    0.6478    0.4858   0.01387   0.05128  0.001553
   100/999     1.75G   0.02033   0.08001  0.002377    0.1027       837       448    0.9493    0.6529    0.6508    0.5053   0.01233    0.0506   0.00166
   101/999     1.75G    0.0216   0.07509   0.00251    0.0992       564       448    0.9707    0.6423    0.6528    0.5041   0.01258    0.0509  0.001712
   102/999     1.75G   0.01982   0.07494   0.00238   0.09714       765       448    0.9701    0.6402    0.6505     0.479   0.01312   0.05078  0.001698
   103/999     1.75G    0.0187   0.07367  0.002187   0.09456       584       448    0.9373    0.6617    0.6467     0.504   0.01292   0.05136  0.001585
   104/999     1.75G   0.01826   0.07722  0.001758   0.09723       800       448    0.9439    0.6534    0.6518    0.5011   0.01212    0.0508  0.001566
   105/999     1.75G   0.01954   0.07629  0.002355   0.09818       861       448    0.9423    0.6614    0.6502    0.4576   0.01305   0.05155  0.001598
   106/999     1.75G   0.01629   0.07289  0.001466   0.09065       473       448    0.9415    0.6615    0.6505    0.5065   0.01235   0.05018  0.001516
   107/999     1.75G   0.01688   0.07338  0.001499   0.09176       568       448    0.9462    0.6531    0.6527    0.4269   0.01294   0.05203  0.001477
   108/999     1.75G   0.01893   0.07552  0.001697   0.09615       600       448    0.9701    0.6416    0.6533    0.4263   0.01293   0.05086  0.001551
   109/999     1.75G   0.01708   0.07415  0.001251   0.09248       641       448    0.9671    0.6444    0.6532    0.4671   0.01184   0.05015  0.001521
   110/999     1.75G   0.01768    0.0734  0.001859   0.09294       762       448    0.9628    0.6265    0.6484    0.4691    0.0125   0.05113  0.001546
   111/999     1.75G   0.01743   0.07572  0.001486   0.09463       629       448    0.9473    0.6442    0.6503    0.4713   0.01192   0.05011  0.001814
   112/999     1.75G   0.01909   0.07604  0.001479   0.09662       773       448    0.9556    0.6422    0.6505    0.5046   0.01276    0.0504  0.001932
   113/999     1.75G   0.01886   0.07363  0.001561   0.09405       767       448    0.9657    0.6436    0.6537    0.5022   0.01198   0.04991  0.001587
   114/999     1.75G   0.01916   0.07673  0.001651   0.09755       661       448    0.9691    0.6357    0.6551    0.4831   0.01211   0.04953  0.001512
   115/999     1.75G   0.01795   0.07446  0.001567   0.09398       882       448    0.9739    0.6438     0.657    0.5099   0.01221   0.04915  0.001514
   116/999     1.75G   0.01851   0.07319  0.001771   0.09348       556       448    0.9462    0.6617    0.6536    0.5103   0.01202    0.0496  0.001543
   117/999     1.75G   0.01964   0.07583  0.001889   0.09736       466       448    0.9634    0.6594    0.6551    0.5092   0.01177   0.05023  0.001641
   118/999     1.75G   0.01727   0.07034  0.001344   0.08896       329       448    0.9615    0.6336    0.6514    0.4849   0.01206   0.04967  0.001588
   119/999     1.75G   0.01818   0.07191  0.001528   0.09162       838       448    0.9754    0.6352    0.6552    0.4802   0.01249   0.05078  0.001519
   120/999     1.75G   0.01982    0.0793  0.001371    0.1005       725       448    0.9782    0.6423     0.656    0.4673   0.01235   0.05017   0.00155
   121/999     1.75G   0.02091   0.07133  0.001994   0.09423       786       448    0.9693    0.6231    0.6518    0.5072   0.01163   0.04879  0.001491
   122/999     1.75G   0.01847   0.07531  0.001504   0.09528       502       448    0.9621    0.6328    0.6502    0.4874   0.01262   0.04993  0.001504
   123/999     1.75G   0.01803   0.07598  0.001297   0.09531       650       448    0.9702    0.6331    0.6534    0.4849   0.01172   0.04997   0.00147
   124/999     1.75G   0.01797   0.07642  0.001911    0.0963       660       448    0.9613     0.635    0.6516    0.4997   0.01253   0.04962  0.001488
   125/999     1.75G   0.02034   0.07443  0.002017   0.09679       391       448    0.9407    0.6523    0.6488    0.5055   0.01193   0.04943  0.001532
   126/999     1.75G   0.01727   0.07244  0.001904   0.09161       807       448    0.9381    0.6585     0.649    0.4633    0.0119   0.04974  0.001519
   127/999     1.75G    0.0157   0.07277  0.001243   0.08971       596       448    0.9635    0.6507    0.6552    0.5124   0.01188   0.04905  0.001376
   128/999     1.75G   0.01775    0.0738  0.001305   0.09286       652       448    0.9615     0.644     0.656     0.521    0.0112   0.04826  0.001368
   129/999     1.75G   0.01868   0.07159  0.001847   0.09212       449       448    0.9503    0.6506    0.6556    0.5181   0.01191   0.04879  0.001364
   130/999     1.75G   0.01797   0.07361  0.002231   0.09381       879       448     0.945     0.633    0.6496    0.4884   0.01243   0.05121  0.001528
   131/999     1.75G   0.01653    0.0692  0.001301   0.08703       359       448    0.9873    0.6218    0.6532    0.5032   0.01325   0.05075  0.001485
   132/999     1.75G   0.01885    0.0744  0.001691   0.09493       918       448    0.9474    0.6187    0.6308     0.465   0.01339   0.05195  0.002006
   133/999     1.75G   0.01591   0.07447  0.001532   0.09192       451       448    0.9537    0.6245    0.6392    0.4808   0.01248   0.05002  0.001877
   134/999     1.75G   0.01887   0.07035  0.002314   0.09153       490       448    0.9426    0.6514    0.6493    0.5089   0.01144   0.04899  0.001514
   135/999     1.75G   0.01588   0.07437  0.001217   0.09147       760       448    0.9525    0.6438    0.6529    0.5135   0.01183   0.04894  0.001377
   136/999     1.75G   0.01938   0.07274   0.00199    0.0941       872       448    0.9468     0.653    0.6534    0.5083   0.01124   0.04802  0.001307
   137/999     1.75G   0.01839   0.07108  0.002035    0.0915       828       448    0.9632    0.6438    0.6543    0.5272   0.01141   0.04888  0.001304
   138/999     1.75G   0.01736   0.06973  0.002011    0.0891       769       448    0.9702    0.6342    0.6543    0.5115   0.01146   0.04849  0.001236
   139/999     1.75G   0.01706   0.07122  0.001097   0.08937       401       448    0.9527    0.6521    0.6532    0.5028   0.01228   0.05121  0.001224
   140/999     1.75G   0.01914   0.08051  0.002053    0.1017       638       448    0.9439    0.6513    0.6519    0.5152   0.01251   0.04985  0.001296
   141/999     1.75G   0.01979    0.0747  0.002081   0.09657       808       448    0.9596    0.6182    0.6486    0.5234   0.01251    0.0506  0.001426
   142/999     1.75G   0.01678   0.07029  0.001518   0.08858       738       448    0.9465     0.653    0.6499    0.5248   0.01151   0.04912  0.001363
   143/999     1.75G    0.0175   0.07342  0.001253   0.09217       701       448    0.9613    0.6438    0.6517    0.5301   0.01147   0.04927  0.001326
   144/999     1.75G   0.01789   0.07699  0.001653   0.09653       916       448    0.9639    0.6341    0.6512    0.5119   0.01146   0.04916  0.001271
   145/999     1.75G   0.01817    0.0724  0.001899   0.09247       487       448    0.9643    0.6525    0.6523    0.5232   0.01152   0.04914  0.001228
   146/999     1.75G   0.01882   0.06994  0.002268   0.09102       590       448    0.9608    0.6529    0.6538    0.4962   0.01329   0.04894  0.001216
   147/999     1.75G   0.01882   0.07314  0.001704   0.09367       452       448    0.9613    0.6531    0.6514    0.5137   0.01212   0.04837  0.001214
   148/999     1.75G   0.01766   0.07037  0.001612   0.08964       640       448    0.9641    0.6417    0.6505    0.5107   0.01105   0.04804  0.001348
   149/999     1.75G    0.0173     0.074  0.001461   0.09277       685       448    0.9651    0.6377    0.6503    0.5003    0.0119   0.04823  0.001554
   150/999     1.75G   0.01791   0.07442  0.001381   0.09371      1213       448    0.9726    0.6512    0.6449    0.5067   0.01166   0.04857  0.001254
   151/999     1.75G   0.01807   0.07394   0.00134   0.09335       652       448    0.9719    0.6433      0.65    0.5041   0.01229   0.05098  0.001168
   152/999     1.75G   0.01695   0.07853  0.001252   0.09673       559       448    0.9566     0.652    0.6471    0.5072   0.01156   0.04769  0.001231
   153/999     1.75G   0.01979   0.06741  0.002599    0.0898       725       448    0.9798    0.6202    0.6509     0.517   0.01144   0.04834  0.001259
   154/999     1.75G   0.01828    0.0686  0.001371   0.08825       556       448     0.961    0.6516    0.6546     0.499   0.01186    0.0478  0.001128
   155/999     1.75G   0.01741   0.07083   0.00105   0.08928       685       448    0.9667    0.6437    0.6551    0.5259   0.01161   0.04812  0.001157
   156/999     1.75G    0.0168   0.07113   0.00198   0.08991       810       448    0.9609    0.6608    0.6511    0.5318   0.01116   0.04776  0.001157
   157/999     1.75G   0.01593   0.06721   0.00154   0.08468       420       448    0.9685    0.6183     0.645    0.5017   0.01125   0.04874  0.001215
   158/999     1.75G   0.01672   0.06963  0.001907   0.08826       986       448    0.9467    0.6529    0.6427    0.4905   0.01138   0.04777  0.001346
   159/999     1.75G   0.01798   0.07332  0.001099    0.0924       779       448    0.9222    0.6512     0.638    0.4964    0.0122   0.05009  0.001708
   160/999     1.75G   0.01899   0.07413   0.00207   0.09519       772       448    0.9607    0.6437    0.6395    0.4974   0.01118   0.04789  0.001257
   161/999     1.75G   0.01708   0.07204  0.001001   0.09012       910       448    0.9418    0.6439    0.6438    0.4924   0.01159   0.04962  0.001476
   162/999     1.75G   0.01882   0.07113    0.0026   0.09255      1135       448    0.9622    0.6166    0.6423    0.4998   0.01219    0.0494  0.001305
   163/999     1.75G   0.01964   0.06947  0.001378   0.09049       551       448    0.9615    0.6353    0.6526    0.5352   0.01119   0.04743  0.001172
   164/999     1.75G   0.01614    0.0726  0.001219   0.08996       601       448    0.9715    0.6259    0.6455    0.5094   0.01175   0.04818  0.001188
   165/999     1.75G   0.01858   0.07387  0.002122   0.09456       604       448    0.9721    0.6283    0.6483    0.4984   0.01159   0.04913  0.001152
   166/999     1.75G   0.01998   0.07491  0.001433   0.09632       808       448    0.9512    0.6269     0.649    0.5078   0.01177   0.04778  0.001124
   167/999     1.75G   0.01819   0.06912   0.00236   0.08967       765       448    0.9567    0.6275    0.6496    0.5103   0.01145     0.047   0.00115
   168/999     1.75G   0.01786   0.07465  0.001506   0.09402       570       448    0.9356    0.6444    0.6438    0.5055   0.01151   0.04736  0.001161
   169/999     1.75G   0.01793   0.06839  0.001939   0.08826       690       448    0.9626     0.644     0.644    0.5224   0.01115   0.04749  0.001122
   170/999     1.75G   0.02082   0.06686  0.001737   0.08941       488       448    0.9781    0.6096    0.6431    0.5202   0.01143   0.04702  0.001095
   171/999     1.75G   0.01834   0.07238  0.001937   0.09266       674       448    0.9583    0.6438     0.644    0.5229    0.0116   0.04601  0.001075
   172/999     1.75G   0.01558   0.07294  0.001371   0.08989       668       448    0.9784    0.6258    0.6467    0.5133   0.01084   0.04662  0.001106
   173/999     1.75G   0.01883   0.06828  0.001606   0.08872       725       448    0.9781     0.608    0.6398     0.513   0.01165   0.04751  0.001113
   174/999     1.75G   0.01634   0.06866  0.001478   0.08648       939       448     0.963    0.6229      0.64    0.5202   0.01131   0.04777  0.001165
   175/999     1.75G   0.01485   0.06902  0.000825   0.08469       800       448    0.9578    0.6419    0.6433    0.5099   0.01159   0.04712  0.001123
   176/999     1.75G   0.01571   0.06892  0.001256   0.08589       891       448    0.9584    0.6509    0.6452       0.5   0.01106   0.04683  0.001124
   177/999     1.75G   0.01743   0.06927  0.001573   0.08828       322       448    0.9569    0.6613     0.649    0.5229   0.01067   0.04608  0.001039
   178/999     1.75G   0.01597   0.07096  0.001575    0.0885       820       448    0.9576    0.6421    0.6473    0.5179   0.01139   0.04687  0.001142
   179/999     1.75G    0.0178    0.0668  0.001415   0.08602       675       448    0.9709    0.6351    0.6442    0.5129   0.01175   0.04723  0.001211
   180/999     1.75G   0.01709   0.06866  0.001012   0.08676       665       448    0.9648    0.6527    0.6465    0.5191    0.0108   0.04671  0.001177
   181/999     1.75G   0.01479   0.06936  0.000813   0.08496       707       448    0.9457    0.6515    0.6434    0.4957   0.01079   0.04618  0.001114
   182/999     1.75G    0.0164   0.06899    0.0018   0.08719       572       448    0.9781    0.6527     0.652    0.4936   0.01146   0.04632   0.00106
   183/999     1.75G    0.0198   0.07132  0.001507   0.09263       511       448    0.9795     0.652     0.651    0.5238   0.01078   0.04545  0.001053
   184/999     1.75G   0.01529   0.06939 0.0009536   0.08563       573       448    0.9652    0.6429    0.6481    0.5099   0.01046   0.04588  0.001173
   185/999     1.75G   0.01651   0.06888 0.0009173   0.08631       410       448    0.9796    0.6116     0.645    0.5116    0.0114   0.04694  0.001266
